War and Peace 
TF-IDF: 0.83
Jaccard: 0.25294689255988845

Pride and Prejudice
TD-IDF: 0.8338206114855496
Jaccard: 0.2568289333129864

Declaration of Independence:
TD-IDF: 0.6838679118193286
Jaccard: 0.04303023440154003

Hamlet 
TD-IDF: 0.8501467954544503
Jaccard: 0.2113953910361096

The Road Not Taken (Robert Frost)
TD-IDF: 0.476840842824814
Jaccard: 0.010369858278603527

The Empire Strikes Back 
TD-IDF: 0.7630191884577319
Jaccard: 0.20877817319098457